61	80	64	28
44	82	93	39
18	4	3	36
40	30	81	22
30	60	11	7
64	91	74	48
37	91	5	39
23	16	15	39
43	24	59	42
89	39	53	48
55	56	31	40
99	19	94	20
23	72	66	37
44	17	42	45
1	34	95	31
79	47	4	18
88	60	5	38
85	36	52	22
25	31	46	21
58	63	77	22
77	23	9	26
59	5	38	33
59	75	80	50
2	54	42	1
80	30	55	39
48	30	85	37
37	91	21	35
62	59	3	1
47	47	85	50
83	17	22	22
52	22	9	10
48	7	56	31
86	66	70	31
67	30	21	42
81	94	95	41
92	79	95	33
94	76	3	37
27	56	42	23
39	87	84	5
23	79	9	42
98	56	42	19
80	68	34	40
59	69	13	14
64	24	56	18
61	2	28	5
37	87	26	45
16	52	37	12
66	85	78	2
27	54	91	36
90	39	80	6
13	22	84	10
95	68	56	4
65	73	60	23
30	65	58	43
38	70	6	37
17	33	60	35
76	48	93	1
43	46	85	36
34	23	92	50
73	11	17	8
7	8	27	19
51	31	67	18
29	41	97	46
94	57	25	12
24	84	4	34
32	10	30	38
67	8	38	13
66	19	67	45
39	73	60	38
12	99	51	13
23	86	57	32
74	79	87	44
94	87	94	17
94	62	66	15
91	47	48	10
17	33	61	3
63	27	2	12
48	18	96	4
52	68	17	30
58	44	58	36
13	16	4	37
9	18	43	50
63	98	46	17
19	82	46	49
65	78	32	17
86	41	13	48
11	53	74	22
89	47	100	31
52	39	1	49
10	46	30	16
98	62	20	48
19	17	95	4
71	4	19	24
51	100	46	8
57	28	10	34
41	60	31	26
57	99	58	21
20	38	52	32
96	91	93	19
50	59	17	44
99	89	79	8
29	91	69	45
9	97	94	22
23	88	99	47
8	88	86	19
77	79	59	26
42	73	3	30
24	69	21	15
57	5	44	32
23	60	94	29
98	3	48	27
81	27	35	11
60	71	84	48
47	76	50	4
17	13	65	23
98	88	33	40
97	64	45	40
15	83	14	18
68	53	32	31
27	59	64	44
39	38	58	46
44	72	23	22
62	68	31	40
16	49	16	26
46	89	88	5
1	57	20	9
9	78	15	22
31	43	10	25
44	57	94	34
73	82	91	46
97	50	9	35
15	49	69	46
30	12	31	37
7	86	45	24
68	88	29	50
48	76	61	29
60	96	61	23
10	81	56	29
60	69	86	4
99	63	40	5
19	32	6	28
32	94	87	43
13	22	67	34
62	58	5	30
76	66	47	2
77	12	34	49
94	95	53	49
79	1	51	11
47	32	82	48
19	20	31	23
89	77	23	27
46	44	96	50
59	30	67	44
22	82	7	39
76	11	71	6
22	50	15	33
44	47	45	17
70	84	18	33
70	23	15	17
72	49	80	14
78	59	82	8
16	58	40	18
28	65	51	25
63	67	9	40
54	53	37	28
61	38	13	8
43	24	68	33
74	40	64	6
8	87	30	45
84	53	74	47
95	58	100	9
14	60	50	20
87	57	44	4
9	13	71	48
76	15	27	49
42	76	82	47
26	45	60	50
43	81	2	18
47	17	77	2
82	53	68	22
47	25	68	49
49	12	52	1
18	34	97	12
41	95	44	45
39	6	59	9
51	53	45	36
36	65	43	4
30	83	53	20
81	49	93	42
82	74	36	39
66	82	70	8
57	5	81	8
66	21	8	28
65	89	83	31
69	87	15	35
89	92	84	21
17	29	80	39
45	69	2	22
10	39	56	29
19	40	14	10
55	91	59	20
10	75	64	39
32	41	85	38
21	11	51	42
70	4	49	2
33	29	12	19
46	76	19	7
11	88	2	30
78	23	69	34
32	16	88	43
42	90	88	2
27	43	99	18
58	32	69	28
4	85	40	36
49	25	21	9
47	68	94	25
38	48	43	15
89	64	70	50
49	95	23	20
57	48	54	49
47	12	22	21
75	15	25	37
92	7	11	48
26	38	41	41
91	23	69	36
54	10	46	45
65	85	25	14
59	99	61	13
43	83	12	24
46	40	96	3
52	14	82	37
75	61	86	15
80	96	68	22
24	78	59	28
55	2	43	23
78	23	97	17
25	54	38	11
66	89	1	35
82	69	67	47
21	66	70	19
100	58	14	38
70	93	97	16
45	41	15	22
42	9	72	23
69	38	92	13
94	27	31	44
13	11	98	25
66	59	46	5
59	1	4	36
56	9	40	42
18	60	97	32
44	100	99	12
20	55	93	22
71	84	75	44
69	88	91	27
18	4	86	25
54	19	78	38
84	37	22	12
76	91	30	7
42	45	41	14
13	98	68	14
19	73	51	30
24	19	94	8
63	45	95	3
68	87	65	27
75	62	71	36
85	19	67	32
53	12	16	34
97	40	100	28
89	67	79	10
47	41	21	32
62	51	99	37
6	78	28	24
85	31	100	3
40	6	24	37
50	14	15	12
36	88	81	10
41	1	56	9
97	82	83	39
96	59	46	45
42	81	27	44
79	17	94	13
89	33	45	45
97	95	51	43
2	57	39	20
60	24	70	11
60	56	25	25
37	9	9	40
42	26	95	20
94	11	33	1
44	39	27	24
89	68	51	42
75	62	86	28
63	34	78	24
16	43	64	10
64	74	6	37
99	39	20	34
1	68	41	12
88	63	50	21
66	91	43	15
93	35	58	19
70	82	20	10
80	28	98	28
73	85	30	7
4	83	4	47
96	46	46	48
75	76	63	29
17	74	3	31
65	21	100	13
73	69	63	32
23	47	39	25
62	54	54	32
76	17	70	38
38	19	99	27
72	89	9	12
22	76	47	21
93	52	38	20
93	43	29	28
13	48	72	19
90	27	57	1
11	59	99	26
10	41	67	27
8	91	8	12
36	81	48	3
14	63	57	5
38	85	97	41
48	86	75	25
24	71	55	3
52	19	60	40
62	19	84	39
4	84	94	19
68	44	55	6
21	19	18	29
93	12	39	36
69	54	41	39
55	41	37	34
33	19	6	43
43	22	40	30
81	81	63	24
99	54	44	50
73	1	86	1
5	81	77	28
70	47	19	46
15	63	14	48
39	11	77	14
77	53	99	38
88	31	56	15
100	33	16	39
9	54	4	34
26	18	60	14
82	41	11	17
85	88	70	44
57	28	16	20
17	72	3	35
82	59	55	25
77	91	90	36
49	100	30	2
54	19	26	23
98	69	8	20
75	76	74	12
94	40	50	32
10	28	74	25
59	6	90	27
95	18	95	27
68	7	86	17
18	58	3	38
43	61	82	9
51	63	99	35
60	61	95	26
87	56	8	1
60	30	16	31
96	12	10	17
33	6	45	13
10	82	28	1
37	74	10	16
79	4	42	43
69	21	74	33
55	31	57	14
25	94	75	1
26	49	65	30
74	82	45	6
75	72	38	12
37	55	18	18
100	88	44	28
36	83	87	24
16	33	44	19
69	87	47	21
1	4	54	19
99	64	13	7
81	93	21	40
22	22	38	44
50	29	41	31
1	39	58	48
32	100	82	41
37	79	4	47
49	14	71	31
17	70	63	46
52	62	23	4
86	50	94	48
40	20	38	35
94	67	39	50
51	27	45	1
98	24	9	6
48	4	76	5
29	64	67	5
46	11	23	9
10	58	87	42
15	98	84	1
52	22	83	31
41	4	60	17
34	64	34	44
66	84	38	26
99	17	72	23
53	100	80	44
68	19	20	43
98	68	66	23
13	15	5	20
80	91	84	38
40	95	88	31
8	60	36	33
5	20	44	30
76	36	13	4
40	58	82	11
96	80	93	40
17	93	30	46
92	76	90	36
43	57	43	2
72	70	39	4
72	2	75	20
95	57	99	36
52	47	65	14
34	63	51	21
66	85	9	45
54	94	78	2
71	31	91	31
1	15	17	1
75	71	41	36
40	90	1	18
74	86	26	30
47	38	43	6
14	42	82	29
56	84	56	25
4	9	13	34
38	90	84	38
9	98	45	35
78	70	21	36
60	1	6	9
1	62	1	22
88	62	97	48
80	70	72	21
65	76	86	21
24	84	31	43
62	42	29	22
40	40	42	16
93	70	54	9
17	32	8	24
39	69	21	13
1	59	38	28
41	8	75	26
54	86	24	48
33	66	97	14
30	34	90	38
68	89	31	19
83	69	12	41
3	43	84	23
78	23	76	36
43	59	77	36
87	37	55	25
91	13	44	38
12	52	59	1
97	31	7	1
93	17	47	7
93	38	59	4
51	82	97	8
86	11	19	45
36	56	47	28
48	66	34	47
11	74	81	6
13	88	48	25
11	100	76	23
24	42	34	13
68	23	9	7
4	75	61	31
93	73	44	4
16	17	73	22
78	36	7	32
92	38	22	13
97	52	94	13
99	93	41	44
68	83	21	49
94	70	53	44
48	41	44	1
5	85	1	11
65	64	79	35
16	73	42	43
15	17	22	5
99	40	20	6
99	73	8	28
17	18	46	29
24	55	92	8
1	59	95	22
32	39	63	32
52	68	95	17
6	45	58	18
55	32	28	6
20	70	12	42
93	78	40	40
3	63	24	32
19	99	28	29
95	14	22	21
42	57	94	20
92	19	45	22
61	20	7	26
63	20	82	41
7	100	14	23
89	82	95	28
96	9	62	49
23	82	8	34
100	53	25	34
95	5	2	38
82	98	69	24
35	55	92	4
78	82	85	20
5	74	91	28
34	87	5	19
92	67	65	27
13	70	80	4
54	7	16	5
10	36	3	43
9	41	51	44
45	43	88	15
75	44	41	50
70	45	97	7
5	79	90	36
94	16	80	22
89	20	84	44
37	87	39	32
57	77	98	20
24	73	99	12
64	13	50	3
56	55	76	47
56	52	12	13
91	26	29	39
19	64	71	19
47	24	4	20
100	94	29	10
28	44	20	18
71	82	68	2
41	40	38	50
38	61	48	32
10	37	16	37
74	60	86	5
76	26	44	5
88	45	63	27
51	55	80	20
87	48	29	41
84	16	68	2
31	72	16	13
4	92	25	43
23	7	58	19
42	73	99	4
28	97	22	40
34	20	54	28
14	47	87	49
44	15	65	22
28	65	20	37
56	71	73	43
78	61	93	30
78	92	17	12
31	74	74	28
27	88	84	2
51	55	62	47
68	100	92	4
33	79	86	24
24	12	35	14
84	12	96	33
40	12	27	39
64	12	60	35
68	24	97	36
69	5	41	50
24	5	95	3
80	40	89	27
71	1	49	18
39	61	30	29
64	13	31	36
74	29	51	36
48	57	15	18
83	32	64	9
35	90	81	46
5	57	2	1
53	100	92	13
45	65	84	19
39	60	99	23
69	71	67	4
81	69	82	7
72	24	19	27
75	18	93	45
18	37	4	19
91	7	59	2
48	50	34	21
32	2	100	24
71	53	38	19
12	19	69	39
18	28	70	34
4	69	79	40
14	11	96	9
39	19	12	33
25	19	27	11
15	28	11	26
98	3	82	30
9	71	26	26
85	77	100	3
2	19	94	13
84	41	28	29
5	87	37	5
8	81	36	27
64	40	39	48
81	74	50	36
52	69	14	46
16	58	49	6
49	61	81	30
43	12	93	37
72	83	54	43
47	36	75	11
15	85	96	10
13	58	67	22
20	11	100	22
47	66	1	43
45	61	12	45
87	36	18	20
14	26	78	32
96	80	80	35
92	37	98	19
64	90	33	44
55	20	65	45
85	95	70	6
22	47	98	33
81	8	16	25
69	28	66	19
72	28	18	20
76	81	19	18
87	16	90	10
51	52	96	23
16	83	48	47
57	4	63	15
15	58	4	11
76	43	49	3
81	51	61	17
94	79	88	32
77	27	18	34
12	79	53	13
63	8	43	38
35	76	80	27
92	73	79	36
48	59	7	13
67	33	41	44
51	30	14	22
96	37	72	29
12	47	34	14
1	80	23	27
12	58	75	20
41	63	85	34
49	88	57	45
23	61	46	4
37	51	97	19
100	68	2	42
45	83	4	5
45	9	45	39
5	78	5	33
76	42	79	7
90	67	15	3
58	50	55	3
66	31	36	37
99	98	83	10
100	54	72	44
78	12	17	16
71	5	90	47
20	63	66	35
46	54	7	47
11	75	88	32
67	47	94	11
27	55	15	13
33	88	80	19
72	61	20	15
87	28	86	29
1	50	41	40
62	41	17	34
2	57	67	9
59	13	35	22
89	80	84	26
43	58	3	17
22	4	3	50
16	58	9	24
6	65	62	26
67	22	2	15
59	76	72	12
59	11	41	30
93	46	89	3
11	38	17	44
26	26	16	4
66	71	2	4
47	19	6	8
26	41	14	37
66	15	13	3
76	37	53	28
8	5	53	7
58	2	18	21
41	14	17	12
91	30	44	29
92	17	11	27
54	67	27	16
94	24	60	39
91	36	41	5
11	73	58	20
93	61	75	38
70	50	22	1
41	57	40	28
100	31	80	29
11	53	87	45
28	81	76	25
33	3	54	39
80	52	90	11
93	42	11	38
39	53	28	33
96	61	74	50
47	13	65	7
38	21	49	31
59	82	88	12
81	3	87	2
35	61	11	48
29	3	18	14
50	83	37	33
86	27	46	37
37	33	74	9
57	21	1	26
28	55	34	37
73	72	51	49
92	43	2	30
37	64	45	32
17	28	14	36
85	35	95	5
11	47	40	32
91	54	99	20
93	4	2	23
100	96	61	4
48	11	39	38
94	97	36	42
82	73	76	23
44	32	100	46
48	79	7	15
89	76	44	11
31	63	44	16
13	1	47	4
93	38	81	7
71	81	15	12
23	39	8	49
48	29	6	32
6	24	7	25
78	5	48	44
92	54	14	42
65	70	71	11
18	18	44	27
99	28	85	50
26	83	69	27
59	10	75	15
53	24	67	43
11	36	31	9
45	85	20	8
40	38	47	31
99	51	40	31
49	91	75	16
25	73	5	3
3	8	99	18
95	47	88	28
28	30	49	48
58	83	26	48
12	67	70	35
77	16	96	31
65	5	86	17
51	61	97	6
31	34	49	4
76	33	16	46
59	4	47	10
88	34	77	39
2	70	75	39
77	52	87	18
10	66	96	5
71	8	65	8
78	59	69	21
59	94	31	49
16	80	29	47
10	18	28	34
10	92	12	14
60	40	74	14
92	79	90	3
38	61	12	6
2	91	57	5
7	24	9	4
98	24	73	16
8	18	26	46
76	87	37	8
33	31	86	41
58	31	5	30
13	84	89	49
39	41	15	34
30	69	44	28
64	45	77	24
55	14	4	7
21	66	49	40
72	87	35	2
84	26	28	21
7	99	21	28
56	8	62	23
50	19	35	15
100	34	22	38
23	78	67	14
2	7	76	35
22	39	54	37
53	73	33	16
17	25	66	22
65	70	17	7
33	41	10	16
94	6	18	21
69	58	93	32
56	32	38	17
100	96	18	19
48	40	79	3
82	58	84	29
83	93	30	48
39	64	40	32
74	28	50	41
2	6	19	34
84	76	84	31
39	30	70	11
66	8	25	16
70	77	88	28
30	78	80	41
8	68	20	20
24	86	88	23
66	8	97	23
61	68	17	49
89	36	93	46
32	68	53	44
23	11	86	27
84	72	26	43
25	75	48	24
72	47	87	42
23	53	68	14
92	33	55	31
73	60	61	12
61	92	16	17
26	29	76	29
77	43	98	40
60	71	64	18
80	76	8	42
12	20	22	24
35	79	83	16
73	35	44	38
11	38	48	15
84	22	19	21
14	89	14	14
91	58	56	48
25	59	29	1
34	87	49	25
7	92	54	40
23	34	51	4
42	24	43	14
38	20	48	4
75	88	85	17
99	53	30	49
53	42	61	9
49	38	14	16
31	4	59	28
29	99	32	26
25	84	30	42
55	33	85	23
51	3	34	23
45	74	31	7
17	80	34	42
100	82	65	50
74	21	66	9
91	7	51	43
97	79	87	25
58	14	27	25
18	99	10	49
34	14	73	40
75	30	98	4
7	33	24	44
82	41	18	35
3	14	30	17
8	39	12	1
69	60	50	35
61	27	56	49
92	44	55	29
95	55	40	27
9	47	89	34
93	73	18	38
63	25	44	50
33	73	82	48
92	22	39	35
50	6	70	30
32	52	39	2
50	14	9	48
49	96	39	37
22	73	78	25
5	86	96	23
27	84	60	2
74	21	63	9
17	87	100	38
30	6	30	34
65	50	24	14
24	38	20	16
87	8	9	27
55	3	92	37
23	19	88	3
34	52	3	36
57	78	52	36
49	28	39	32
82	95	87	4
87	13	17	19
27	57	77	23
11	2	15	24
19	94	35	39
2	57	37	46
93	83	44	39
58	86	15	44
20	35	78	9
37	5	95	15
22	5	24	15
19	5	77	20
53	87	75	37
24	23	19	18
49	15	33	40
39	68	76	30
1	27	20	36
10	91	12	25
56	53	12	14
90	6	33	38
45	30	8	48
52	49	14	15
84	2	25	32
16	59	65	4
6	74	31	22
95	91	47	23
67	41	69	45
25	40	46	12
24	47	62	44
46	93	98	39
41	63	66	31
33	45	56	24
64	2	64	30
44	89	90	44
17	37	80	45
35	37	52	48
62	2	99	15
42	32	100	5
57	56	6	7
91	56	29	4
86	34	6	18
2	82	49	46
99	40	70	7
68	78	89	5
97	7	24	21
22	14	73	6
78	69	41	14
10	4	2	15
6	1	27	6
80	21	80	12
24	19	28	43
73	87	79	4
59	18	70	28
29	38	13	2
41	54	33	35
2	83	94	9
100	2	68	9
69	31	68	46
39	31	56	21
1	85	13	31
52	61	74	28
49	81	69	14
4	73	54	24
37	5	68	50
27	59	38	31
67	73	78	4
41	22	91	47
78	63	10	10
23	23	36	5
77	62	43	8
34	50	35	29
49	60	54	40
47	3	92	26
93	48	43	20
65	39	54	45
4	85	53	28
49	12	32	9
65	21	35	23
93	21	15	9
23	39	31	44
92	98	6	30
12	90	90	4
34	23	54	49
98	66	35	8
71	86	48	15
95	2	26	11
78	100	13	32
89	77	89	45
8	20	77	48
36	58	31	40
84	2	90	46
47	70	75	19
31	81	57	4
44	52	41	12
39	93	82	34
19	66	94	34
19	11	65	23
64	20	75	36
47	10	88	45
76	47	9	38
23	15	30	30
77	54	88	30
93	44	7	34
53	34	12	10
47	19	26	32
13	76	46	5
53	57	91	1
88	22	11	41
46	97	4	35
41	23	87	19
94	68	16	36
36	40	56	11
4	20	79	44
45	38	39	3
76	58	45	33
71	87	67	5
86	56	7	40
93	50	26	31
10	39	56	44
80	16	78	12
63	41	10	44
79	51	4	20
44	17	26	33
59	38	68	23
26	80	28	47
19	62	44	14
80	95	68	30
73	87	76	33
3	40	39	29
79	32	94	40
26	57	24	31
99	12	82	6
53	64	94	46
36	1	79	25
23	42	62	29
45	47	9	42
96	42	52	45
75	8	78	50
65	97	52	10
34	99	47	8
70	93	23	13
28	10	48	3
9	93	72	45
88	97	99	32
15	46	33	28
71	77	55	20
36	76	4	23
99	57	61	41
88	52	57	20
32	7	39	30
15	82	98	9
3	82	66	40
69	88	22	50
1	9	21	40
79	29	28	28
7	92	4	6
56	3	15	37
88	100	56	20
93	37	46	8
46	65	37	18
75	9	18	27
91	92	40	49
17	20	59	47
21	7	34	47
23	64	24	9
8	83	30	14
14	82	11	28
46	7	94	48
35	97	32	46
68	97	8	23
44	49	74	7
41	43	46	13
12	91	8	38
45	38	100	26
10	68	29	40
28	49	7	21
89	15	87	37
53	98	46	32
20	10	55	37
89	77	4	40
16	20	21	22
11	83	84	45
6	42	25	42
18	33	1	24
7	49	3	16
93	89	35	50
72	43	51	35
29	29	75	29
18	65	84	30
28	87	18	22
44	85	12	31
45	80	12	35
2	3	9	3
11	58	30	43
39	29	65	41
51	74	15	36
88	19	52	8
9	38	42	40
36	32	97	47
82	50	1	37
20	82	6	50
31	94	25	35
56	12	91	37
17	48	42	23
65	70	33	7
64	36	19	18
26	64	91	49
19	77	85	19
97	36	38	9
49	88	24	34
35	87	86	4
92	44	10	21
9	30	68	7
21	90	68	31
98	68	74	32
27	21	87	46
5	42	71	30
93	2	60	37
66	95	64	2
83	23	74	26
60	91	90	29
7	78	25	47
7	8	3	22
13	76	45	9
34	65	50	25
5	16	76	23
60	38	18	45
69	60	93	30
18	94	8	28
79	78	48	23
99	42	58	49
23	8	55	30
19	57	18	21
56	80	2	48
22	86	11	42
88	56	2	13
25	5	65	4
17	78	7	5
91	7	65	9
59	96	43	22
30	10	18	50
33	89	43	29
45	76	83	2
51	16	23	12
56	59	5	2
79	5	95	30
72	26	32	43
25	21	82	39
82	90	63	15
54	77	27	28
33	12	43	31
24	64	40	42
31	52	71	10
41	86	11	22
3	86	41	50
90	9	18	27
70	24	42	34
57	23	50	20
6	90	47	43
54	36	55	35
31	44	93	37
43	47	55	4
11	68	90	30
40	50	22	30
81	87	100	37
83	5	19	1
7	43	81	44
11	51	67	1
46	59	62	1
98	45	10	40
63	89	53	17
37	61	77	34
57	5	38	23
76	41	64	1
54	75	27	19
94	39	44	33
42	60	37	1
18	97	63	27
65	75	19	29
97	30	67	23
69	71	69	33
53	11	18	19
31	66	40	33
23	79	20	39
93	43	62	36
100	41	84	42
6	99	100	48
9	57	31	9
54	21	44	30
45	36	67	31
40	100	86	18
29	67	40	11
70	64	81	12
17	75	23	48
69	66	5	28
41	58	94	4
89	24	4	10
8	17	62	12
64	14	50	5
81	16	65	32
66	7	45	3
79	75	40	22
100	45	15	31
58	3	20	18
14	49	34	21
100	56	58	5
89	41	23	26
12	66	98	18
16	15	74	11
27	36	67	13
98	88	15	33
5	53	29	18
69	91	72	9
71	50	81	2
21	73	21	11
93	83	38	28
95	54	2	50
23	20	26	4
40	86	90	48
59	20	68	43
53	49	20	20
14	31	66	29
67	26	14	41
87	32	38	14
35	65	20	50
74	87	14	16
57	70	12	17
23	29	72	20
93	80	37	2
97	4	88	50
75	26	22	19
69	21	27	40
20	96	62	50
1	19	53	17
98	29	74	29
37	94	72	31
66	45	16	17
67	90	62	3
54	10	93	24
72	76	98	2
93	100	51	36
22	25	76	4
37	21	61	19
66	95	48	43
66	46	16	34
4	82	2	2
77	61	29	46
72	76	79	35
66	8	55	18
99	36	62	26
10	14	13	38
78	38	52	15
82	39	17	41
78	80	95	28
22	90	77	35
16	3	88	4
83	54	54	26
67	7	12	20
100	58	19	20
27	74	58	12
65	33	90	34
68	73	31	23
15	60	82	11
73	91	7	12
18	36	7	7
42	81	71	35
83	50	6	20
39	63	94	25
91	6	6	43
69	84	15	11
29	75	44	31
66	27	36	24
31	45	33	7
57	31	90	9
60	18	8	8
22	35	42	29
80	52	41	49
84	78	21	33
8	38	23	35
41	94	40	1
59	55	47	50
79	36	22	14
35	84	15	32
4	77	70	42
22	86	48	43
83	37	36	5
4	75	90	8
55	47	35	36
80	44	56	21
45	13	56	41
14	97	58	39
79	87	36	45
60	18	59	43
61	10	67	7
86	53	90	17
37	23	93	33
92	63	100	35
27	72	61	33
87	31	2	11
49	11	66	50
98	19	100	30
63	96	76	29
41	8	2	50
54	78	70	10
70	24	17	38
72	85	13	43
48	19	94	46
95	31	95	11
13	23	62	26
51	63	12	50
99	16	84	36
94	2	71	28
76	82	75	27
26	13	98	29
71	86	19	19
70	36	83	4
52	63	92	1
18	56	18	46
26	22	78	16
40	88	61	4
99	62	27	46
25	65	67	46
73	55	28	37
52	71	23	9
35	73	7	36
7	6	60	46
40	100	94	19
65	64	18	26
38	35	41	8
70	73	33	10
90	18	28	32
63	39	86	46
39	6	87	46
33	38	60	11
94	70	26	15
76	15	91	41
32	30	41	4
38	54	45	9
100	6	64	22
56	23	56	21
32	12	27	30
61	80	26	22
41	14	24	38
79	89	22	41
24	5	52	37
35	29	69	46
100	55	49	45
22	98	15	38
3	9	99	2
67	42	41	46
56	2	4	4
26	51	23	15
87	67	72	48
61	94	45	32
59	61	32	34
37	86	42	25
28	44	8	8
42	60	50	13
88	37	56	14
29	70	39	46
75	68	62	29
40	67	100	46
49	12	6	17
58	93	38	50
62	49	12	49
36	75	44	46
45	88	39	36
16	81	70	46
35	37	13	15
36	17	56	29
15	24	64	22
11	83	89	8
56	71	93	18
7	30	38	1
72	97	68	31
85	90	52	39
42	56	55	15
40	58	93	33
55	19	17	34
44	100	79	26
74	85	64	16
20	23	98	46
19	72	45	10
45	53	3	1
2	81	47	16
58	24	38	4
26	88	37	45
84	19	82	50
58	66	8	9
7	62	81	11
92	87	50	7
78	34	99	43
70	82	61	24
98	43	5	10
59	99	78	3
46	29	51	1
60	44	3	43
95	94	5	15
73	17	98	3
95	9	71	12
90	44	4	45
94	16	51	1
65	90	53	17
16	26	46	47
25	10	15	25
45	34	61	15
23	7	85	8
4	18	41	44
3	64	82	42
54	6	69	19
17	11	2	44
20	78	49	4
2	26	30	14
30	11	12	33
75	92	2	36
44	40	42	31
39	92	69	16
98	28	42	15
53	98	60	1
10	58	2	43
90	97	75	13
2	1	10	30
58	25	70	23
40	71	44	36
68	24	19	45
88	87	55	5
81	100	19	16
18	17	24	43
100	80	24	25
63	9	81	40
10	99	6	29
60	49	60	24
60	82	60	29
67	2	68	10
31	88	27	50
34	83	87	36
27	61	40	28
63	51	13	12
30	48	5	4
83	79	10	47
65	96	20	25
54	41	59	27
40	76	55	48
67	9	79	27
3	88	71	49
43	41	40	11
53	93	25	36
74	86	76	46
48	24	1	47
89	60	53	14
51	19	63	44
37	65	65	17
33	57	84	17
39	4	54	42
91	19	68	25
86	85	7	2
23	98	78	37
50	14	12	40
72	81	74	22
58	91	36	38
52	41	71	39
1	75	92	33
38	13	62	49
79	2	69	21
52	57	70	11
90	41	64	9
45	51	76	28
7	46	44	2
21	81	100	22
15	75	62	46
18	36	26	31
18	3	35	16
5	57	9	32
91	81	43	11
25	88	43	28
16	65	2	49
24	73	67	17
17	84	3	4
96	40	42	42
48	52	44	35
40	59	25	29
32	52	66	36
69	20	31	27
37	6	70	12
90	28	36	45
82	91	86	34
80	77	93	3
52	41	32	33
60	54	28	39
58	75	4	41
62	1	54	49
59	10	74	29
75	17	66	24
24	88	96	35
43	19	30	30
92	10	82	15
43	25	30	25
91	75	56	13
11	24	80	20
31	29	17	49
59	68	73	10
88	13	4	20
91	49	24	49
13	53	89	31
13	85	31	37
6	5	83	14
29	22	10	39
1	13	27	13
96	98	43	41
83	62	35	45
14	71	26	38
35	3	23	49
90	89	13	43
32	35	98	13
6	79	60	17
45	51	41	35
29	93	64	17
32	24	9	46
98	3	20	17
3	34	13	13
13	81	46	43
20	18	81	14
89	36	98	17
92	44	30	14
14	11	1	42
23	12	40	21
100	32	57	13
24	67	65	20
54	36	74	40
9	10	13	45
66	72	11	50
71	38	77	36
36	19	22	9
13	59	86	40
13	86	15	33
24	39	21	17
71	25	11	15
68	8	39	6
47	83	11	25
60	3	93	34
61	7	27	24
79	17	45	44
74	86	66	30
69	55	16	30
30	6	99	12
18	19	32	11
13	18	35	29
7	96	48	42
87	37	90	7
52	80	39	27
5	98	16	46
64	62	80	6
78	51	88	14
97	82	55	23
39	80	52	37
19	76	39	11
64	99	74	8
21	67	27	29
51	32	68	2
9	61	88	8
56	86	73	20
83	45	41	8
3	81	21	24
50	27	3	45
76	90	60	36
54	85	88	22
26	41	91	17
97	28	42	34
100	34	2	15
20	68	7	9
76	54	53	24
66	10	84	48
17	25	33	40
21	53	51	42
71	98	40	8
61	99	78	45
26	32	61	1
34	98	75	2
1	85	56	31
7	81	24	37
5	94	53	31
59	70	58	10
40	6	47	13
85	37	82	26
55	65	45	25
34	44	39	47
42	100	53	13
91	60	15	49
77	26	24	17
20	31	59	24
38	51	42	4
44	33	95	14
90	70	68	36
52	92	75	42
67	38	32	1
81	82	79	8
23	9	92	21
95	2	60	19
58	55	30	39
51	51	27	9
36	40	76	38
45	33	21	27
96	31	3	7
12	78	46	23
39	55	55	25
98	18	20	49
38	66	85	17
51	59	55	32
63	4	25	18
35	24	7	7
41	38	56	34
96	39	27	39
95	7	72	38
69	12	56	24
47	22	16	46
57	83	46	49
22	43	27	48
70	87	75	41
75	91	43	3
35	64	1	30
65	18	11	44
8	72	48	35
37	47	22	23
81	82	54	37
37	74	34	19
61	14	77	23
18	34	17	1
85	84	73	37
3	82	73	48
53	63	23	29
59	67	11	8
87	81	63	49
98	68	61	38
9	37	3	8
25	87	64	49
3	31	55	17
83	40	2	33
67	91	65	43
47	94	47	9
84	54	67	8
12	3	16	46
90	64	7	37
75	25	78	5
13	69	30	37
53	4	99	1
37	36	66	21
100	82	88	13
19	2	37	47
35	78	72	26
24	72	53	18
100	4	6	22
50	27	88	37
60	36	38	5
30	42	60	32
50	18	83	11
24	77	30	15
20	67	35	13
14	37	20	29
63	4	13	25
95	84	73	2
28	30	13	23
26	55	89	30
70	22	45	49
34	42	1	13
77	21	66	36
72	69	62	7
51	58	91	4
66	93	46	28
65	97	10	44
94	26	88	4
19	57	52	13
24	86	44	50
24	69	32	41
30	84	32	26
12	30	29	25
35	24	46	13
94	53	42	26
68	71	9	47
65	84	51	32
55	26	30	36
95	10	49	10
43	94	75	14
73	18	67	24
61	5	36	38
70	98	73	33
38	58	72	49
56	1	55	4
12	89	34	50
97	91	51	50
40	88	9	37
8	41	44	4
100	25	58	29
48	17	32	37
91	100	84	38
98	51	1	25
47	31	3	39
79	70	51	9
49	76	25	41
12	77	80	26
25	70	36	45
77	21	48	5
7	16	73	10
29	17	92	37
38	14	58	16
64	18	37	7
76	68	77	8
61	14	76	2
79	95	48	42
35	37	67	18
38	38	84	24
39	5	77	29
41	96	3	35
44	28	18	30
9	8	89	23
15	63	96	41
91	55	97	13
51	62	32	21
55	10	13	23
20	94	93	11
20	95	52	14
66	87	79	19
71	30	77	44
6	24	92	28
12	56	84	47
2	23	62	41
39	20	8	12
65	74	59	45
84	71	74	39
65	39	43	50
62	66	9	35
47	99	13	48
100	57	67	36
100	88	94	46
96	18	4	44
4	34	7	9
85	93	85	26
84	98	93	43
60	39	14	22
1	97	55	19
91	54	43	4
27	36	73	7
14	15	28	7
41	15	95	32
57	38	50	4
55	46	90	17
22	46	84	46
89	87	11	39
35	77	84	45
68	92	34	6
34	63	80	28
95	31	99	9
10	27	88	15
61	73	96	32
29	26	25	43
17	13	32	5
68	93	63	29
23	28	54	10
87	72	2	6
43	7	55	17
56	66	44	45
67	46	2	2
6	44	50	3
62	20	79	34
4	73	32	10
10	50	19	38
96	14	38	29
67	68	63	6
33	63	74	50
62	72	49	30
93	28	33	45
64	44	97	35
7	50	50	1
8	52	6	22
16	35	36	26
79	85	63	10
15	40	78	46
52	100	77	18
64	5	93	11
2	15	57	34
15	77	17	2
99	49	37	4
79	30	19	39
56	60	65	18
48	47	18	33
98	13	33	50
89	91	76	32
61	45	74	50
55	89	98	16
100	94	78	20
91	74	85	44
34	89	61	40
100	19	9	26
20	14	81	3
92	63	36	15
95	8	66	31
67	35	2	35
83	57	74	28
13	70	67	25
89	40	57	16
42	28	83	8
66	7	67	28
24	40	22	21
87	4	98	28
90	85	97	3
4	72	30	29
37	5	46	30
72	15	7	17
99	50	33	24
66	57	62	34
38	52	5	42
28	11	80	27
38	68	87	8
21	42	31	14
84	27	20	22
68	35	4	36
68	6	16	37
7	33	15	48
20	84	35	25
91	24	85	38
5	52	90	36
13	39	48	7
59	71	86	6
62	8	31	37
68	93	91	46
58	29	24	27
100	27	7	3
92	30	84	28
62	62	41	2
78	71	99	25
45	69	100	8
23	16	43	24
71	51	93	49
80	75	71	26
21	86	27	11
68	47	47	10
21	88	67	33
9	69	69	1
55	8	13	26
37	68	67	5
32	94	59	24
52	66	28	15
28	7	90	49
95	17	26	19
28	31	38	43
44	93	1	29
10	90	23	2
4	97	1	37
35	94	47	28
86	97	32	19
76	63	54	24
81	92	14	43
46	32	55	15
81	40	62	4
3	33	26	10
23	50	40	15
31	22	74	30
43	98	58	5
54	96	52	37
37	53	73	42
27	52	45	32
91	40	32	6
21	18	31	38
58	87	73	9
2	74	6	9
26	61	14	34
85	84	21	36
43	79	93	26
5	58	31	8
77	12	37	32
82	24	89	37
3	79	52	19
48	77	97	9
46	68	17	13
34	59	77	44
11	34	83	24
65	40	26	6
49	14	53	13
91	66	9	19
21	31	62	34
78	27	23	28
64	51	69	23
90	51	62	47
69	58	42	18
13	55	35	12
100	52	79	29
98	40	12	25
68	75	91	30
6	60	43	23
97	99	68	44
57	60	28	35
21	59	15	13
62	88	99	31
10	2	97	1
34	95	59	18
46	41	52	19
15	24	29	1
45	90	70	3
15	62	75	8
91	22	70	28
94	44	92	24
85	41	60	3
79	36	23	44
8	21	47	15
68	69	47	17
59	20	53	3
76	33	88	33
56	83	24	40
71	97	39	34
51	63	8	41
38	60	57	20
99	45	27	35
34	94	13	23
32	3	69	40
42	53	33	29
38	49	77	44
7	62	28	12
65	98	59	25
29	24	7	47
71	79	47	35
5	60	57	2
9	4	79	27
1	47	80	25
26	20	25	14
26	10	97	7
25	1	24	25
41	64	76	39
84	19	79	23
61	69	72	18
69	25	84	37
26	61	79	37
83	79	62	25
53	18	33	29
45	63	33	2
85	6	16	10
12	25	71	16
13	63	42	23
73	54	32	37
64	100	3	12
47	76	69	27
81	9	98	42
1	38	26	15
77	83	66	35
18	52	94	6
57	91	24	36
15	49	51	5
29	66	76	12
66	68	81	31
39	33	20	3
19	66	57	6
22	42	15	17
88	12	83	49
51	25	85	10
33	92	90	30
47	72	96	20
9	10	20	9
50	47	19	33
95	77	84	1
20	18	53	27
18	49	69	3
73	17	46	6
18	73	6	3
67	41	6	27
3	81	65	45
82	39	43	15
32	94	27	35
5	43	16	16
69	22	51	44
20	17	48	8
99	38	60	45
55	12	7	10
34	61	35	30
4	59	33	27
42	27	38	36
28	15	50	28
65	46	30	23
57	74	87	7
32	63	15	16
74	49	22	48
75	45	70	27
36	20	52	20
25	15	46	10
75	10	36	6
17	80	67	17
35	34	51	36
80	25	72	28
93	7	50	34
38	67	27	45
44	90	1	6
71	44	77	43
25	54	50	15
35	44	97	5
4	27	11	14
64	91	24	50
57	67	90	2
45	23	38	34
96	73	32	4
18	94	25	49
95	12	46	45
69	25	14	48
41	99	6	26
21	34	33	32
65	20	31	4
45	82	59	13
86	92	40	10
69	36	78	37
11	98	5	16
45	3	74	21
92	66	53	22
91	74	12	11
19	75	84	18
64	70	13	46
100	55	34	24
24	33	67	10
72	98	4	19
52	13	3	35
91	45	53	50
96	91	58	20
43	41	26	19
27	60	57	20
28	21	83	44
31	63	15	12
3	69	89	39
45	44	5	42
14	3	43	34
96	30	83	10
82	22	5	18
78	84	36	32
19	86	76	33
84	97	60	47
8	60	25	41
6	89	99	32
50	5	33	46
10	64	81	24
78	71	24	11
11	57	69	16
59	74	52	8
87	57	86	48
58	28	62	14
43	70	51	1
96	44	53	8
92	14	74	34
83	16	1	43
61	55	4	46
65	5	55	24
11	1	30	35
76	22	25	24
45	75	49	49
4	3	44	37
43	95	13	38
55	45	70	26
80	80	93	42
69	8	40	15
1	99	64	33
36	44	28	17
20	51	64	4
21	2	95	29
36	30	73	34
2	37	84	45
9	77	49	19
33	39	88	28
18	7	64	5
67	86	50	40
63	7	83	34
88	38	16	28
89	69	60	29
31	78	49	26
29	26	23	31
98	22	40	6
65	100	97	19
27	77	47	23
50	49	49	45
34	37	90	46
23	25	80	23
95	25	16	41
11	17	13	41
59	100	69	45
20	7	21	36
15	21	10	29
67	91	77	19
43	23	34	6
86	83	43	49
49	82	11	35
81	10	98	3
48	25	91	5
33	6	54	3
18	20	44	48
89	5	69	31
86	69	64	22
94	64	55	26
45	55	86	4
25	16	44	7
73	64	29	29
92	60	48	29
59	98	86	33
53	88	65	19
60	67	78	49
92	43	79	3
75	48	84	25
17	5	59	10
38	59	18	4
8	84	84	11
9	81	34	8
63	13	91	16
12	92	33	42
3	45	43	41
40	86	72	30
6	87	90	18
20	76	82	31
53	85	11	43
71	21	54	40
42	28	54	39
90	34	97	37
25	29	89	4
83	56	29	47
31	57	30	23
29	6	20	23
100	41	1	44
57	29	49	16
97	85	57	39
28	9	95	44
20	40	24	36
33	61	24	25
48	23	41	25
87	70	85	3
57	87	57	25
50	78	18	41
65	5	12	16
61	45	38	40
100	87	44	33
22	40	66	50
86	45	13	22
94	96	71	8
57	40	45	2
51	10	16	43
81	96	38	25
60	70	92	10
42	98	63	26
32	78	6	20
96	35	65	39
57	94	78	14
85	14	11	9
32	65	47	29
52	78	18	4
95	93	56	35
1	88	16	25
74	99	2	15
98	40	24	10
10	85	87	33
98	16	47	5
4	59	89	41
36	95	57	34
100	39	74	20
11	59	65	40
97	40	46	27
33	21	89	12
70	72	40	4
36	44	13	5
62	48	95	35
83	76	7	48
49	48	79	6
4	69	89	41
29	15	83	37
40	87	47	6
31	12	81	19
10	67	48	12
22	22	90	11
64	14	33	37
11	67	34	3
85	66	99	11
37	83	37	12
32	20	40	50
41	4	86	16
51	2	19	47
63	31	53	9
62	8	76	26
12	70	77	28
40	9	68	31
6	14	93	45
10	53	4	32
66	92	22	38
96	43	96	42
94	12	71	48
5	34	100	33
98	95	48	6
63	27	29	14
3	15	16	40
69	87	77	39
31	97	24	42
62	60	66	8
11	23	98	15
16	20	100	43
34	61	46	36
12	91	64	9
66	47	25	10
55	49	1	36
75	94	93	42
37	99	11	12
61	12	16	49
88	32	88	6
46	79	71	15
61	82	48	28
31	95	73	10
36	93	82	6
11	45	87	14
66	39	29	47
43	63	21	39
80	89	48	25
78	70	29	3
32	1	73	47
88	52	57	25
76	45	77	41
47	14	29	11
59	36	76	44
32	58	11	36
64	8	95	32
26	52	16	37
17	59	87	1
51	79	65	23
96	75	1	11
9	17	82	34
86	83	4	9
91	19	66	38
51	72	80	21
63	3	99	44
81	21	27	39
49	55	2	16
32	77	69	12
5	83	33	14
64	35	18	26
43	17	67	1
85	74	58	39
73	80	88	27
28	14	19	42
75	88	24	6
20	82	51	34
59	87	62	47
16	72	12	30
65	92	31	23
64	98	65	7
13	94	6	50
59	64	48	45
98	22	4	7
94	29	80	15
76	90	34	5
39	43	1	23
66	19	78	12
81	34	17	12
86	43	62	20
42	7	6	48
94	52	94	40
33	30	76	14
35	64	42	27
83	93	69	13
99	63	69	35
77	1	6	31
32	4	54	37
61	33	83	21
57	78	32	18
19	76	24	23
50	74	40	33
51	4	81	37
80	10	8	39
87	2	11	24
86	52	34	24
35	34	93	26
44	51	5	12
53	3	56	41
50	68	14	41
85	100	94	17
8	97	72	30
44	79	12	15
100	16	88	20
22	4	43	39
45	8	27	11
64	4	23	16
95	41	53	42
58	29	10	31
43	28	39	6
97	23	16	19
8	32	37	21
17	22	43	5
74	98	93	48
80	45	29	40
62	5	82	7
92	10	61	23
84	26	57	32
3	32	74	26
14	56	74	24
10	61	98	28
31	82	66	44
88	10	55	29
78	83	29	16
43	17	67	11
6	78	70	19
87	9	33	46
81	44	57	40
66	97	95	39
88	54	19	16
58	41	60	49
9	57	3	10
25	63	40	5
25	21	15	13
56	70	18	44
3	91	78	10
87	100	93	43
73	28	70	29
17	41	97	12
49	65	78	39
7	59	29	23
8	72	69	1
47	18	68	24
58	17	42	10
82	39	43	16
54	33	22	39
78	4	86	35
5	100	23	47
32	12	9	43
31	91	97	23
27	5	25	23
79	70	16	40
8	67	3	49
63	90	97	46
70	45	89	22
98	74	34	35
31	96	44	47
100	100	21	39
92	92	94	42
97	50	66	39
79	7	21	1
50	28	81	16
50	40	83	50
49	90	63	32
73	23	61	3
23	27	77	2
78	14	61	38
83	6	63	12
56	33	46	7
49	9	46	50
39	43	45	9
65	99	58	9
96	81	77	32
49	54	67	29
26	51	13	1
89	65	84	30
73	69	58	6
19	86	78	18
57	61	86	33
100	14	61	37
31	24	90	18
42	32	15	28
34	75	42	39
88	9	97	30
68	73	75	9
100	72	28	18
75	2	75	20
92	11	33	25
5	97	14	44
60	37	21	50
39	75	25	21
1	68	51	18
78	47	5	31
60	80	46	2
19	19	65	8
59	47	10	27
58	25	45	26
70	43	98	11
70	65	10	11
23	65	19	21
78	11	79	2
79	97	96	8
38	53	97	3
81	58	54	20
70	29	75	21
47	87	10	47
5	32	28	43
60	4	88	23
25	93	79	23
64	33	16	50
26	19	59	49
83	77	70	36
66	47	20	37
55	81	18	24
27	97	14	37
58	43	30	16
15	14	12	37
21	84	2	7
51	82	37	32
27	26	81	14
6	76	3	47
56	73	48	23
6	63	37	1
25	53	10	10
90	21	3	17
77	1	68	11
25	61	18	3
33	31	3	33
56	17	3	3
40	80	61	37
53	66	3	19
43	24	34	30
31	32	64	2
73	26	17	36
32	27	78	24
43	31	28	22
96	19	11	25
79	60	67	31
62	68	54	10
27	40	78	2
68	35	40	12
100	26	99	8
16	83	58	48
23	47	20	7
66	93	29	46
77	39	12	26
98	19	98	6
58	68	39	16
14	87	89	18
84	94	40	13
41	31	79	5
14	97	92	47
70	46	24	33
77	54	22	6
56	69	13	10
35	79	75	17
21	22	99	50
45	14	28	14
49	73	85	46
98	79	56	43
92	1	25	19
41	75	63	36
38	4	49	17
73	17	81	23
65	66	23	43
44	53	21	29
84	1	2	24
33	60	45	19
43	25	40	17
86	24	68	48
47	37	44	42
23	94	53	33
13	41	73	30
43	100	42	2
58	49	53	46
32	45	58	2
15	35	81	25
28	90	47	8
13	37	38	37
20	31	17	39
89	27	58	45
76	15	50	23
65	17	73	3
40	98	44	7
1	7	96	8
85	74	51	27
97	85	68	5
65	42	63	26
89	90	14	32
99	91	64	5
19	17	81	21
32	99	100	17
36	46	72	35
88	77	72	44
35	20	42	13
85	2	75	30
85	76	17	2
73	7	37	46
78	18	75	49
33	47	65	25
100	78	64	24
84	4	11	25
9	21	95	41
38	16	73	3
47	76	72	27
60	87	38	41
65	81	13	32
6	25	3	19
32	49	58	47
58	61	93	32
8	83	87	17
81	77	91	40
14	60	27	43
74	28	44	37
66	12	82	2
87	10	6	1
78	25	67	2
20	13	39	16
75	77	13	35
54	84	31	14
32	48	97	37
75	14	45	15
34	51	76	12
70	16	36	8
81	49	60	11
31	56	1	1
75	31	23	6
47	53	55	28
53	83	80	20
19	91	47	31
74	43	75	32
44	77	59	36
91	77	74	33
82	39	34	42
29	40	65	36
38	13	62	21
7	90	28	4
32	5	19	42
78	92	97	24
37	83	11	47
58	19	26	15
39	25	32	8
5	46	74	16
58	40	33	4
18	65	53	19
11	44	59	15
62	7	35	5
28	76	12	1
9	35	100	2
38	68	60	20
27	70	84	15
90	89	90	16
45	84	80	39
50	74	14	8
70	69	10	28
69	89	83	6
29	1	30	13
98	41	4	39
8	33	8	3
56	15	35	50
100	33	16	35
52	20	42	24
55	78	66	9
86	25	17	11
40	17	5	2
36	23	95	12
36	41	55	19
3	78	6	12
16	73	29	20
10	9	31	2
70	9	41	11
18	79	97	5
64	34	14	9
45	17	40	25
78	32	52	41
95	87	85	50
96	27	63	35
68	1	81	2
94	57	50	7
48	98	30	41
35	95	25	42
35	50	98	35
15	69	10	19
88	97	51	14
72	88	43	13
38	20	49	36
50	43	41	33
56	61	41	14
12	44	56	49
60	33	73	10
63	48	13	14
52	94	21	28
41	48	38	33
78	34	1	10
27	3	28	5
76	18	72	5
47	38	75	37
19	25	54	13
58	27	41	1
6	57	63	39
81	91	13	41
4	77	38	26
75	69	47	43
36	17	46	35
19	53	97	31
96	65	81	12
68	79	23	23
47	3	10	2
9	82	62	43
84	39	73	17
30	43	82	38
80	47	41	4
63	94	100	36
97	64	64	7
65	90	41	31
87	56	65	26
69	80	75	11
4	19	95	47
82	92	90	4
99	89	43	30
27	55	100	22
90	86	46	34
57	13	62	7
73	50	38	28
41	79	28	4
92	33	72	18
63	37	89	48
40	85	91	49
100	41	27	29
13	38	27	2
7	71	73	48
97	39	5	21
11	27	4	4
41	6	65	30
4	9	53	32
11	74	60	37
81	42	9	45
97	8	99	41
23	51	35	16
53	84	73	17
44	90	84	15
59	3	83	16
61	51	90	34
26	52	97	39
61	30	97	38
71	18	99	35
68	16	80	37
32	56	97	50
49	98	18	12
52	55	37	2
34	24	69	23
76	28	13	24
46	75	74	36
64	98	54	10
17	68	76	34
27	90	52	34
73	45	26	50
27	45	22	42
39	6	44	42
64	5	58	7
88	100	9	30
83	41	36	7
29	65	98	11
38	79	4	22
52	28	18	39
82	62	80	35
6	69	75	17
25	13	12	24
37	67	84	25
39	33	48	49
92	8	60	22
92	87	86	50
49	12	3	5
9	99	89	50
56	30	7	48
26	74	92	17
7	26	78	48
13	53	38	16
35	96	54	27
7	89	34	42
22	43	55	8
63	73	56	41
15	15	37	40
11	16	70	16
68	90	32	22
100	71	25	38
35	78	87	6
47	82	4	34
80	22	11	35
85	67	52	22
65	38	34	21
71	47	72	27
16	52	87	25
59	16	82	10
46	33	21	1
65	13	97	4
78	50	19	7
76	53	92	13
20	71	96	48
57	26	69	1
76	97	76	15
46	25	49	27
30	49	69	3
76	78	56	21
10	89	5	37
75	47	12	1
96	8	29	36
100	1	98	20
99	64	35	48
49	20	70	45
5	24	52	45
85	16	68	2
49	54	21	31
89	11	99	46
65	98	45	44
78	55	89	48
78	3	51	14
16	36	69	36
58	24	45	3
10	28	18	6
18	19	87	26
66	84	63	42
34	11	22	46
95	14	92	42
46	17	10	8
96	31	85	49
23	34	32	1
39	49	95	3
37	20	8	35
85	60	44	16
39	91	45	15
22	80	25	21
74	81	79	27
63	48	82	11
24	15	73	20
81	88	63	31
6	85	12	12
28	98	88	33
40	77	71	32
59	59	97	35
25	18	57	9
50	41	2	31
26	65	25	27
93	27	19	41
67	27	11	13
14	39	40	41
66	46	10	5
94	93	100	46
73	84	32	8
23	39	73	13
27	28	24	35
79	65	46	16
55	55	26	45
19	29	4	11
3	78	98	14
23	95	78	49
8	15	1	45
89	39	25	15
59	68	63	1
41	48	63	4
5	93	46	16
74	42	47	14
41	89	1	38
33	97	13	12
76	97	90	14
17	65	93	42
93	3	7	20
53	75	49	29
71	10	18	49
4	89	85	20
37	41	1	7
51	9	20	48
44	97	21	41
41	10	52	1
7	68	6	24
46	84	84	47
87	87	78	20
53	53	87	44
45	47	30	21
76	90	38	6
24	80	89	22
98	58	82	21
30	100	44	30
69	87	72	38
61	3	28	40
67	10	83	24
12	58	19	49
86	79	63	2
40	75	38	20
67	94	53	1
44	27	50	34
3	63	21	32
34	14	39	47
33	39	68	1
37	77	78	3
85	42	12	38
69	55	98	35
49	14	99	36
23	74	51	25
29	77	38	2
31	13	76	12
77	25	74	45
82	67	94	29
11	24	96	46
31	55	78	12
53	27	11	28
51	64	5	49
82	91	53	19
10	86	75	25
96	93	44	28
14	62	66	20
25	95	90	37
9	70	15	16
55	88	55	21
2	39	22	16
13	49	100	33
5	87	92	21
58	97	46	9
68	90	13	7
85	33	93	11
45	90	83	16
64	84	82	7
37	54	84	28
91	27	38	2
1	81	84	38
90	20	16	38
26	8	1	12
64	16	99	23
45	12	95	14
94	69	76	2
4	71	49	24
17	26	9	28
76	29	69	17
35	22	1	21
35	32	60	29
36	96	25	42
5	91	92	9
82	50	24	28
97	53	3	47
25	42	17	36
55	16	98	27
69	26	42	32
7	89	63	26
14	15	87	29
88	16	99	48
2	73	76	35
56	64	75	10
97	90	88	21
80	31	44	1
59	45	2	22
55	59	91	40
65	32	42	3
84	56	30	26
12	45	49	35
20	91	32	38
76	45	56	28
10	26	86	37
100	56	36	16
94	90	50	47
25	2	36	32
93	13	96	18
15	26	23	22
54	48	44	7
32	25	99	3
94	28	44	22
72	61	48	3
27	16	96	16
37	99	68	8
16	100	42	13
75	81	2	1
14	71	29	17
21	51	51	6
18	19	27	26
73	81	98	3
17	72	32	25
5	48	60	34
35	35	61	36
79	70	16	33
26	87	91	9
50	39	84	11
54	42	92	5
55	56	22	25
80	37	44	17
62	90	42	14
96	22	90	24
88	68	81	17
84	8	60	39
33	1	80	20
48	72	41	48
84	24	48	38
96	12	20	6
79	5	70	35
43	72	68	14
93	30	3	22
32	78	92	20
22	22	98	17
19	47	7	23
90	42	14	8
91	20	18	28
44	27	95	25
99	83	1	16
56	1	60	27
50	71	53	48
13	18	5	29
43	38	93	40
16	84	69	17
83	98	86	42
64	53	89	35
48	28	56	2
64	39	87	11
39	95	4	9
45	59	72	5
89	33	92	10
31	66	72	13
25	54	85	31
11	3	9	49
58	4	8	1
53	34	16	12
75	55	69	44
64	56	5	1
47	1	9	41
9	68	39	27
43	7	59	19
2	89	68	25
30	11	92	2
18	54	34	25
48	74	99	10
96	53	61	9
29	72	86	22
94	30	54	20
27	73	67	17
63	32	3	15
9	21	55	44
5	83	58	25
44	85	80	12
54	51	2	40
26	72	99	13
49	13	70	44
21	32	27	41
68	26	1	43
46	33	4	21
80	91	55	31
97	6	99	34
20	60	90	40
98	60	57	35
79	39	30	15
86	45	30	40
42	56	18	22
95	59	57	43
32	93	47	26
39	40	49	47
50	67	32	4
42	66	99	42
55	83	94	18
84	68	1	3
71	96	51	3
14	71	37	41
73	100	2	16
81	9	39	31
9	51	37	15
7	64	92	16
70	18	99	13
90	94	62	37
64	27	36	26
78	71	59	34
72	7	52	40
38	14	24	32
17	34	42	19
9	46	56	19
57	81	26	23
50	20	87	42
21	56	25	1
96	5	11	22
74	44	43	15
38	17	88	8
45	15	40	50
69	23	17	30
1	90	12	25
20	20	50	32
37	34	86	26
43	68	33	6
49	86	51	23
67	89	72	47
27	53	93	9
32	74	68	1
68	81	4	41
26	92	14	40
48	72	31	43
11	42	93	27
51	14	56	29
8	55	91	21
29	13	79	23
79	37	43	49
50	90	11	28
11	76	84	21
4	58	90	33
38	45	58	34
63	78	91	13
68	39	45	43
61	85	8	28
30	75	43	2
57	51	78	42
48	22	37	16
63	85	80	14
2	96	59	40
33	73	6	18
47	93	50	36
3	40	1	45
7	94	95	26
89	52	74	19
35	96	94	3
71	70	95	39
33	72	41	18
18	22	37	11
51	25	78	9
5	79	92	27
72	29	98	3
91	42	3	41
41	29	8	24
65	74	14	14
61	62	41	27
62	75	30	11
9	61	27	27
73	47	42	23
93	25	11	24
16	89	58	21
58	53	71	8
71	79	10	21
60	34	3	50
56	73	43	11
97	24	88	6
86	55	25	21
40	29	72	11
57	26	83	34
13	71	55	27
26	49	96	17
76	57	37	41
78	39	45	48
97	5	19	19
68	32	58	31
17	39	67	19
10	5	67	10
94	50	88	22
9	35	40	6
59	79	39	14
37	37	75	48
29	92	97	7
81	32	61	48
73	93	75	23
34	21	23	4
51	51	38	45
98	36	10	21
67	18	44	18
14	20	58	2
20	38	11	39
93	72	54	33
79	25	82	49
25	33	69	5
84	78	85	40
96	49	38	11
31	32	93	22
67	70	47	15
16	17	10	15
11	26	21	3
79	48	38	28
50	86	38	16
14	20	19	21
6	27	46	34
96	26	47	49
12	99	43	37
74	77	76	20
8	14	48	41
34	21	13	13
26	70	60	33
84	67	77	6
52	25	60	30
39	14	48	40
13	25	18	43
8	72	29	15
83	55	71	26
64	11	92	21
28	89	16	40
9	81	42	48
1	40	73	5
45	77	4	16
42	95	56	25
8	3	8	6
67	13	8	2
81	75	68	50
23	95	23	18
75	37	89	50
80	92	76	47
66	28	92	31
3	93	45	19
85	60	29	7
87	19	23	30
60	56	32	9
1	39	1	31
94	4	60	19
88	95	61	31
14	71	60	48
42	64	36	10
34	83	22	40
52	2	65	1
41	75	47	31
58	51	20	29
84	67	20	24
87	58	32	7
85	78	65	48
83	72	83	43
38	10	91	11
82	50	1	3
90	82	1	15
16	32	51	40
81	69	5	5
89	53	73	43
49	46	6	14
16	62	3	45
1	87	24	19
69	95	58	9
53	85	70	48
11	58	51	15
87	35	76	36
68	14	55	5
95	12	88	34
92	87	75	49
64	46	65	13
1	41	93	3
1	76	62	22
19	54	33	30
36	14	33	30
93	60	49	29
76	20	9	15
56	72	45	43
58	60	33	17
54	35	32	34
38	27	73	42
3	1	99	49
63	62	36	5
38	15	49	23
96	72	7	49
39	60	36	44
92	64	88	47
3	1	50	15
76	8	95	36
80	73	3	34
93	2	76	13
48	10	36	35
9	58	69	5
62	31	93	29
21	48	79	13
31	85	11	2
77	6	80	28
43	33	50	27
45	8	2	28
91	43	29	3
51	67	47	27
38	6	34	29
91	43	85	49
68	2	88	28
96	39	52	22
38	60	39	26
77	44	38	39
39	92	19	1
43	16	78	22
9	5	9	37
96	73	42	28
24	74	98	45
50	77	66	44
9	61	3	22
22	41	53	38
93	38	62	22
30	63	9	17
76	27	48	18
96	27	3	31
79	52	83	2
95	94	51	22
73	40	73	40
30	9	34	23
36	75	49	17
60	67	45	20
72	19	18	50
91	29	41	23
93	77	44	21
40	83	47	39
27	56	94	42
85	15	33	1
23	40	83	14
36	54	84	39
68	13	100	37
72	1	73	41
21	78	30	38
29	52	40	10
50	84	72	38
1	59	6	33
10	50	11	2
83	42	95	30
79	64	17	49
66	38	92	24
39	68	27	34
54	91	65	12
25	84	73	46
77	59	80	18
78	89	8	19
45	72	45	28
78	63	29	46
91	24	58	6
22	55	81	24
57	35	62	44
7	64	32	49
12	94	11	44
14	45	36	12
84	82	7	20
20	91	73	43
